// Device 1 - 3 commands
<----------- device id --------------------> <-cmd -> <- XOR >
177      167      68       228      115      136      77
10110001 10100111 01000100 11100100 01110011 10001000 01001101
177      167      68       228      115      72       141
10110001 10100111 01000100 11100100 01110011 01001000 10001101
177      167      68       228      115      40       237
10110001 10100111 01000100 11100100 01110011 00101000 11101101

// Device 2 - same 3 commands
<----------- device id --------------------> <-cmd -> <- XOR >
177      167      132      139      166      136      55
10110001 10100111 10000100 10001011 10100110 10001000 00110111
177      167      132      139      166      72       247
10110001 10100111 10000100 10001011 10100110 01001000 11110111
177      167      132      139      166      40       151
10110001 10100111 10000100 10001011 10100110 00101000 10010111
